% time     seconds  usecs/call     calls    errors syscall
------ ----------- ----------- --------- --------- ----------------
 23.33    0.000545           4       123        37 newfstatat
 15.03    0.000351           5        66           rt_sigaction
 11.13    0.000260          16        16           getdents64
  9.12    0.000213           3        54           read
  9.08    0.000212           4        46         6 openat
  8.01    0.000187           2        65           fstat
  5.95    0.000139           3        40           close
  5.91    0.000138           2        54         2 lseek
  3.72    0.000087           3        29        28 ioctl
  2.70    0.000063           2        28           mmap
  2.14    0.000050           4        12           brk
  0.98    0.000023           5         4         3 readlink
  0.77    0.000018           4         4           fcntl
  0.47    0.000011           3         3           getcwd
  0.47    0.000011           5         2           getrandom
  0.43    0.000010          10         1           futex
  0.34    0.000008           4         2           gettid
  0.13    0.000003           3         1           getuid
  0.13    0.000003           3         1           geteuid
  0.09    0.000002           2         1           getgid
  0.09    0.000002           2         1           getegid
  0.00    0.000000           0         1           write
  0.00    0.000000           0         6           mprotect
  0.00    0.000000           0         2           munmap
  0.00    0.000000           0         2           pread64
  0.00    0.000000           0         1         1 access
  0.00    0.000000           0         1           execve
  0.00    0.000000           0         1           arch_prctl
  0.00    0.000000           0         1           set_tid_address
  0.00    0.000000           0         1           set_robust_list
  0.00    0.000000           0         1           prlimit64
  0.00    0.000000           0         1           rseq
------ ----------- ----------- --------- --------- ----------------
100.00    0.002336           4       571        77 total
